0 0.319463 0.231325 0.306054 0.125301
0 0.195666 0.119277 0.251033 0.065060
0 0.224895 0.050602 0.240716 0.062651
0 0.439821 0.098795 0.127236 0.101205
0 0.052269 0.219277 0.104537 0.125301
0 0.802615 0.072289 0.226961 0.053012
0 0.771666 0.014458 0.206328 0.028916
0 0.837003 0.146988 0.275105 0.081928
0 0.570496 0.338554 0.285421 0.113253
0 0.173313 0.312048 0.261349 0.079518
0 0.102131 0.431325 0.204262 0.120482
0 0.156119 0.637349 0.275105 0.253012
0 0.647869 0.800000 0.398902 0.163855
0 0.740716 0.613253 0.171940 0.190361
0 0.446698 0.614458 0.251033 0.202410
0 0.245528 0.842169 0.364513 0.161446
0 0.937415 0.296386 0.125170 0.163855